<?xml version="1.0"?>
<opencv_storage>
<relative_T type_id="opencv-matrix">
  <rows>3</rows>
  <cols>1</cols>
  <dt>d</dt>
  <data>
    5.2157484471774850e+01 -4.8593172195114548e+01
    -2.5299661340221530e+01</data></relative_T>
</opencv_storage>
