<?xml version="1.0"?>
<opencv_storage>
<relative_R type_id="opencv-matrix">
  <rows>3</rows>
  <cols>3</cols>
  <dt>d</dt>
  <data>
    9.9997514046401048e-01 3.1268269592097976e-03
    -6.3199214512310951e-03 -3.1153419577679056e-03
    9.9999347961896989e-01 1.8262979031113146e-03 6.3255907604541552e-03
    -1.8065637857260296e-03 9.9997836138029472e-01</data></relative_R>
</opencv_storage>
