<?xml version="1.0"?>
<opencv_storage>
<rgbIntrinsic type_id="opencv-matrix">
  <rows>3</rows>
  <cols>3</cols>
  <dt>d</dt>
  <data>
    3.8141547827912035e+02 0. 3.2261875863728147e+02 0.
    3.8128641099994104e+02 2.4501461861634115e+02 0. 0. 1.</data></rgbIntrinsic>
</opencv_storage>
