<?xml version="1.0"?>
<opencv_storage>
<relative_R type_id="opencv-matrix">
  <rows>3</rows>
  <cols>3</cols>
  <dt>d</dt>
  <data>
    9.9956725201972341e-01 -6.2433057185218048e-03
    -2.8745953166381611e-02 8.2796571965131419e-03
    9.9742235434025217e-01 7.1274780526190282e-02 2.8226866040121427e-02
    -7.1481943146877572e-02 9.9704241426205120e-01</data></relative_R>
</opencv_storage>
