<?xml version="1.0"?>
<opencv_storage>
<relative_T type_id="opencv-matrix">
  <rows>3</rows>
  <cols>1</cols>
  <dt>d</dt>
  <data>
    7.0441024339601839e+00 -5.4105483404854724e+01
    -3.3355339368056526e+01</data></relative_T>
</opencv_storage>
